   16.7994377198013     
   14.0171984968919     
   9.87554335401727     
 (-0.9569125,-0.2903765) (1.9717566E-03,-1.3288110E-02)
 (0.7263015,0.6873763) (-1.5185460E-02,-6.0465252E-03)
 (0.1510087,-0.9885324) (-1.8184487E-02,1.5617563E-02)
  0.000000000000000E+000  0.000000000000000E+000
  1.000000000000000E-002  1.000000000000000E-002
  2.000000000000000E-002  1.000000000000000E-008
  3.000000000000000E-002 -1.021378984432606E-002
  4.000000000000000E-002 -2.011991633008655E-002
  5.000000000000000E-002 -2.965961132420615E-002
  6.000000000000000E-002 -3.884626295829353E-002
  7.000000000000001E-002 -4.770675011229298E-002
  8.000000000000000E-002 -5.626822960931665E-002
  9.000000000000000E-002 -6.455496836639567E-002
  0.100000000000000      -7.258786036256201E-002
  0.110000000000000      -8.038469006643112E-002
  0.120000000000000      -8.796056680988119E-002
  0.130000000000000      -9.532835361461753E-002
  0.140000000000000      -0.102499041406029     
  0.150000000000000      -0.109482061453750     
  0.160000000000000      -0.116285541953851     
  0.170000000000000      -0.122916517753094     
  0.180000000000000      -0.129381101934377     
  0.190000000000000      -0.135684626724485     
  0.200000000000000      -0.141831759802011     
  0.210000000000000      -0.147826600852386     
  0.220000000000000      -0.153672762202804     
  0.230000000000000      -0.159373436562208     
  0.240000000000000      -0.164931454257934     
  0.250000000000000      -0.170349331866664     
  0.260000000000000      -0.175629313752441     
  0.270000000000000      -0.180773407724157     
  0.280000000000000      -0.185783415789502     
  0.290000000000000      -0.190660960797259     
  0.300000000000000      -0.195407509613232     
  0.310000000000000      -0.200024393358705     
  0.320000000000000      -0.204512825147100     
  0.330000000000000      -0.208873915679705     
  0.340000000000000      -0.213108687000779     
  0.350000000000000      -0.217218084663234     
  0.360000000000000      -0.221202988515908     
  0.370000000000000      -0.225064222290568     
  0.380000000000000      -0.228802562139595     
  0.390000000000000      -0.232418744252845     
  0.400000000000000      -0.235913471663485     
  0.410000000000000      -0.239287420336979     
  0.420000000000000      -0.242541244624315     
  0.430000000000000      -0.245675582149553     
  0.440000000000000      -0.248691058192441     
  0.450000000000000      -0.251588289618965     
  0.460000000000000      -0.254367888405995     
  0.470000000000000      -0.257030464800438     
  0.480000000000000      -0.259576630148402     
  0.490000000000000      -0.262006999425683     
  0.500000000000000      -0.264322193497226     
  0.510000000000000      -0.266522841130106     
  0.520000000000000      -0.268609580781830     
  0.530000000000000      -0.270583062183434     
  0.540000000000000      -0.272443947734765     
  0.550000000000000      -0.274192913727576     
  0.560000000000000      -0.275830651410476     
  0.570000000000000      -0.277357867908406     
  0.580000000000000      -0.278775287008114     
  0.590000000000000      -0.280083649820025     
  0.600000000000000      -0.281283715325975     
  0.610000000000000      -0.282376260821431     
  0.620000000000000      -0.283362082260111     
  0.630000000000000      -0.284241994508222     
  0.640000000000000      -0.285016831514990     
  0.650000000000000      -0.285687446405613     
  0.660000000000000      -0.286254711502305     
  0.670000000000000      -0.286719518278687     
  0.680000000000000      -0.287082777252403     
  0.690000000000000      -0.287345417820502     
  0.700000000000000      -0.287508388041811     
  0.710000000000000      -0.287572654370272     
  0.720000000000000      -0.287539201342930     
  0.730000000000000      -0.287409031226078     
  0.740000000000000      -0.287183163622795     
  0.750000000000000      -0.286862635044986     
  0.760000000000000      -0.286448498452819     
  0.770000000000000      -0.285941822764298     
  0.780000000000000      -0.285343692337576     
  0.790000000000000      -0.284655206428466     
  0.800000000000000      -0.283877478625484     
  0.810000000000000      -0.283011636264629     
  0.820000000000000      -0.282058819826022     
  0.830000000000000      -0.281020182314384     
  0.840000000000000      -0.279896888625272     
  0.850000000000000      -0.278690114898875     
  0.860000000000000      -0.277401047863114     
  0.870000000000000      -0.276030884167660     
  0.880000000000000      -0.274580829710473     
  0.890000000000000      -0.273052098958332     
  0.900000000000000      -0.271445914262787     
  0.910000000000000      -0.269763505172895     
  0.920000000000000      -0.268006107746030     
  0.930000000000000      -0.266174963857990     
  0.940000000000000      -0.264271320513587     
  0.950000000000000      -0.262296429158832     
  0.960000000000000      -0.260251544995762     
  0.970000000000000      -0.258137926300937     
  0.980000000000000      -0.255956833748544     
  0.990000000000000      -0.253709529739025     
   1.00000000000000      -0.251397277734086     
   1.01000000000000      -0.249021341598890     
   1.02000000000000      -0.246582984952205     
   1.03000000000000      -0.244083470525232     
   1.04000000000000      -0.241524059529785     
   1.05000000000000      -0.238906011036456     
   1.06000000000000      -0.236230581363371     
   1.07000000000000      -0.233499023476091     
   1.08000000000000      -0.230712586399165     
   1.09000000000000      -0.227872514639828     
   1.10000000000000      -0.224980047624285     
   1.11000000000000      -0.222036419146989     
   1.12000000000000      -0.219042856833281     
   1.13000000000000      -0.216000581615741     
   1.14000000000000      -0.212910807224565     
   1.15000000000000      -0.209774739692221     
   1.16000000000000      -0.206593576872657     
   1.17000000000000      -0.203368507975261     
   1.18000000000000      -0.200100713113769     
   1.19000000000000      -0.196791362870276     
   1.20000000000000      -0.193441617874484     
   1.21000000000000      -0.190052628398302     
   1.22000000000000      -0.186625533965865     
   1.23000000000000      -0.183161462979046     
   1.24000000000000      -0.179661532358484     
   1.25000000000000      -0.176126847200140     
   1.26000000000000      -0.172558500447385     
   1.27000000000000      -0.168957572578569     
   1.28000000000000      -0.165325131310037     
   1.29000000000000      -0.161662231314513     
   1.30000000000000      -0.157969913954770     
   1.31000000000000      -0.154249207032476     
   1.32000000000000      -0.150501124552101     
   1.33000000000000      -0.146726666499734     
   1.34000000000000      -0.142926818636678     
   1.35000000000000      -0.139102552307636     
   1.36000000000000      -0.135254824263319     
   1.37000000000000      -0.131384576497282     
   1.38000000000000      -0.127492736096785     
   1.39000000000000      -0.123580215107450     
   1.40000000000000      -0.119647910411509     
   1.41000000000000      -0.115696703619392     
   1.42000000000000      -0.111727460974410     
   1.43000000000000      -0.107741033270294     
   1.44000000000000      -0.103738255781307     
   1.45000000000000      -9.971994820467994E-002
   1.46000000000000      -9.568691461509235E-002
   1.47000000000000      -9.163994343090810E-002
   1.48000000000000      -8.757980739189537E-002
   1.49000000000000      -8.350726354813169E-002
   1.50000000000000      -7.942305325980391E-002
   1.51000000000000      -7.532790220760528E-002
   1.52000000000000      -7.122252041343004E-002
   1.53000000000000      -6.710760227106301E-002
   1.54000000000000      -6.298382658656042E-002
   1.55000000000000      -5.885185662801612E-002
   1.56000000000000      -5.471234018440729E-002
   1.57000000000000      -5.056590963321245E-002
   1.58000000000000      -4.641318201649538E-002
   1.59000000000000      -4.225475912514828E-002
   1.60000000000000      -3.809122759098887E-002
   1.61000000000000      -3.392315898640677E-002
   1.62000000000000      -2.975110993125669E-002
   1.63000000000000      -2.557562220669715E-002
   1.64000000000000      -2.139722287567627E-002
   1.65000000000000      -1.721642440976838E-002
   1.66000000000000      -1.303372482206809E-002
   1.67000000000000      -8.849607805851634E-003
   1.68000000000000      -4.664542878718599E-003
   1.69000000000000      -4.789855319308107E-004
   1.70000000000000       3.706622615331018E-003
   1.71000000000000       7.891853657068218E-003
   1.72000000000000       1.207629323719372E-002
   1.73000000000000       1.625954038215689E-002
   1.74000000000000       2.044120732972553E-002
   1.75000000000000       2.462091935418247E-002
   1.76000000000000       2.879831458818876E-002
   1.77000000000000       3.297304384156097E-002
   1.78000000000000       3.714477041720444E-002
   1.79000000000000       4.131316992443937E-002
   1.80000000000000       4.547793008995122E-002
   1.81000000000000       4.963875056659119E-002
   1.82000000000000       5.379534274024740E-002
   1.83000000000000       5.794742953500154E-002
   1.84000000000000       6.209474521678014E-002
   1.85000000000000       6.623703519570416E-002
   1.86000000000000       7.037405582733459E-002
   1.87000000000000       7.450557421300627E-002
   1.88000000000000       7.863136799943625E-002
   1.89000000000000       8.275122517778750E-002
   1.90000000000000       8.686494388236267E-002
   1.91000000000000       9.097233218909724E-002
   1.92000000000000       9.507320791401566E-002
   1.93000000000000       9.916739841180812E-002
   1.94000000000000       0.103254740374680     
   1.95000000000000       0.107335079631623     
   1.96000000000000       0.111408270948241     
   1.97000000000000       0.115474177827283     
   1.98000000000000       0.119532672309988     
   1.99000000000000       0.123583634778396     
   2.00000000000000       0.127626953758718     
   2.01000000000000       0.131662525725900     
   2.02000000000000       0.135690254909471     
   2.03000000000000       0.139710053100800     
   2.04000000000000       0.143721839461842     
   2.05000000000000       0.147725540335481     
   2.06000000000000       0.151721089057546     
   2.07000000000000       0.155708425770603     
   2.08000000000000       0.159687497239579     
   2.09000000000000       0.163658256669319     
   2.10000000000000       0.167620663524126     
   2.11000000000000       0.171574683349359     
   2.12000000000000       0.175520287595161     
   2.13000000000000       0.179457453442348     
   2.14000000000000       0.183386163630551     
   2.15000000000000       0.187306406288621     
   2.16000000000000       0.191218174767380     
   2.17000000000000       0.195121467474735     
   2.18000000000000       0.199016287713202     
   2.19000000000000       0.202902643519879     
   2.20000000000000       0.206780547508900     
   2.21000000000000       0.210650016716390     
   2.22000000000000       0.214511072447957     
   2.23000000000000       0.218363740128739     
   2.24000000000000       0.222208049156020     
   2.25000000000000       0.226044032754444     
   2.26000000000000       0.229871727833831     
   2.27000000000000       0.233691174849603     
   2.28000000000000       0.237502417665842     
   2.29000000000000       0.241305503420975     
   2.30000000000000       0.245100482396084     
   2.31000000000000       0.248887407885865     
   2.32000000000000       0.252666336072202     
   2.33000000000000       0.256437325900386     
   2.34000000000000       0.260200438957948     
   2.35000000000000       0.263955739356111     
   2.36000000000000       0.267703293613852     
   2.37000000000000       0.271443170544554     
   2.38000000000000       0.275175441145249     
   2.39000000000000       0.278900178488422     
   2.40000000000000       0.282617457616374     
   2.41000000000000       0.286327355438118     
   2.42000000000000       0.290029950628791     
   2.43000000000000       0.293725323531562     
   2.44000000000000       0.297413556062019     
   2.45000000000000       0.301094731615000     
   2.46000000000000       0.304768934973863     
   2.47000000000000       0.308436252222152     
   2.48000000000000       0.312096770657643     
   2.49000000000000       0.315750578708740     
   2.50000000000000       0.319397765853203     
   2.51000000000000       0.323038422539157     
   2.52000000000000       0.326672640108378     
   2.53000000000000       0.330300510721816     
   2.54000000000000       0.333922127287313     
   2.55000000000000       0.337537583389514     
   2.56000000000000       0.341146973221902     
   2.57000000000000       0.344750391520960     
   2.58000000000000       0.348347933502405     
   2.59000000000000       0.351939694799470     
   2.60000000000000       0.355525771403200     
   2.61000000000000       0.359106259604728     
   2.62000000000000       0.362681255939495     
   2.63000000000000       0.366250857133387     
   2.64000000000000       0.369815160050745     
   2.65000000000000       0.373374261644226     
   2.66000000000000       0.376928258906467     
   2.67000000000000       0.380477248823528     
   2.68000000000000       0.384021328330076     
   2.69000000000000       0.387560594266281     
   2.70000000000000       0.391095143336369     
   2.71000000000000       0.394625072068833     
   2.72000000000000       0.398150476778234     
   2.73000000000000       0.401671453528577     
   2.74000000000000       0.405188098098221     
   2.75000000000000       0.408700505946294     
   2.76000000000000       0.412208772180572     
   2.77000000000000       0.415712991526796     
   2.78000000000000       0.419213258299390     
   2.79000000000000       0.422709666373544     
   2.80000000000000       0.426202309158640     
   2.81000000000000       0.429691279572974     
   2.82000000000000       0.433176670019753     
   2.83000000000000       0.436658572364329     
   2.84000000000000       0.440137077912642     
   2.85000000000000       0.443612277390839     
   2.86000000000000       0.447084260926038     
   2.87000000000000       0.450553118028206     
   2.88000000000000       0.454018937573125     
   2.89000000000000       0.457481807786404     
   2.90000000000000       0.460941816228528     
   2.91000000000000       0.464399049780895     
   2.92000000000000       0.467853594632823     
   2.93000000000000       0.471305536269496     
   2.94000000000000       0.474754959460818     
   2.95000000000000       0.478201948251161     
   2.96000000000000       0.481646585949958     
   2.97000000000000       0.485088955123130     
   2.98000000000000       0.488529137585324     
   2.99000000000000       0.491967214392920     
   3.00000000000000       0.495403265837795     
   3.01000000000000       0.498837371441815     
   3.02000000000000       0.502269609952035     
   3.03000000000000       0.505700059336569     
   3.04000000000000       0.509128796781127     
   3.05000000000000       0.512555898686177     
   3.06000000000000       0.515981440664725     
   3.07000000000000       0.519405497540677     
   3.08000000000000       0.522828143347771     
   3.09000000000000       0.526249451329052     
   3.10000000000000       0.529669493936876     
   3.11000000000000       0.533088342833415     
   3.12000000000000       0.536506068891645     
   3.13000000000000       0.539922742196799     
   3.14000000000000       0.543338432048269     
   3.15000000000000       0.546753206961933     
   3.16000000000000       0.550167134672884     
   3.17000000000000       0.553580282138563     
   3.18000000000000       0.556992715542250     
   3.19000000000000       0.560404500296925     
   3.20000000000000       0.563815701049459     
   3.21000000000000       0.567226381685132     
   3.22000000000000       0.570636605332463     
   3.23000000000000       0.574046434368320     
   3.24000000000000       0.577455930423325     
   3.25000000000000       0.580865154387506     
   3.26000000000000       0.584274166416204     
   3.27000000000000       0.587683025936220     
   3.28000000000000       0.591091791652174     
   3.29000000000000       0.594500521553078     
   3.30000000000000       0.597909272919106     
   3.31000000000000       0.601318102328541     
   3.32000000000000       0.604727065664901     
   3.33000000000000       0.608136218124218     
   3.34000000000000       0.611545614222475     
   3.35000000000000       0.614955307803166     
   3.36000000000000       0.618365352045003     
   3.37000000000000       0.621775799469718     
   3.38000000000000       0.625186701949992     
   3.39000000000000       0.628598110717466     
   3.40000000000000       0.632010076370850     
   3.41000000000000       0.635422648884108     
   3.42000000000000       0.638835877614710     
   3.43000000000000       0.642249811311952     
   3.44000000000000       0.645664498125329     
   3.45000000000000       0.649079985612948     
   3.46000000000000       0.652496320749990     
   3.47000000000000       0.655913549937192     
   3.48000000000000       0.659331719009365     
   3.49000000000000       0.662750873243924     
   3.50000000000000       0.666171057369425     
   3.51000000000000       0.669592315574117     
   3.52000000000000       0.673014691514489     
   3.53000000000000       0.676438228323805     
   3.54000000000000       0.679862968620637     
   3.55000000000000       0.683288954517376     
   3.56000000000000       0.686716227628718     
   3.57000000000000       0.690144829080128     
   3.58000000000000       0.693574799516273     
   3.59000000000000       0.697006179109412     
   3.60000000000000       0.700439007567754     
   3.61000000000000       0.703873324143771     
   3.62000000000000       0.707309167642455     
   3.63000000000000       0.710746576429537     
   3.64000000000000       0.714185588439642     
   3.65000000000000       0.717626241184384     
   3.66000000000000       0.721068571760412     
   3.67000000000000       0.724512616857379     
   3.68000000000000       0.727958412765855     
   3.69000000000000       0.731405995385161     
   3.70000000000000       0.734855400231142     
   3.71000000000000       0.738306662443857     
   3.72000000000000       0.741759816795200     
   3.73000000000000       0.745214897696439     
   3.74000000000000       0.748671939205679     
   3.75000000000000       0.752130975035241     
   3.76000000000000       0.755592038558957     
   3.77000000000000       0.759055162819387     
   3.78000000000000       0.762520380534945     
   3.79000000000000       0.765987724106937     
   3.80000000000000       0.769457225626520     
   3.81000000000000       0.772928916881558     
   3.82000000000000       0.776402829363406     
   3.83000000000000       0.779878994273588     
   3.84000000000000       0.783357442530392     
   3.85000000000000       0.786838204775374     
   3.86000000000000       0.790321311379762     
   3.87000000000000       0.793806792450782     
   3.88000000000000       0.797294677837876     
   3.89000000000000       0.800784997138834     
   3.90000000000000       0.804277779705835     
   3.91000000000000       0.807773054651391     
   3.92000000000000       0.811270850854201     
   3.93000000000000       0.814771196964905     
   3.94000000000000       0.818274121411756     
   3.95000000000000       0.821779652406188     
   3.96000000000000       0.825287817948299     
   3.97000000000000       0.828798645832242     
   3.98000000000000       0.832312163651515     
   3.99000000000000       0.835828398804171     
   4.00000000000000       0.839347378497931     
   4.01000000000000       0.842869129755207     
   4.02000000000000       0.846393679418034     
   4.03000000000000       0.849921054152919     
   4.04000000000000       0.853451280455590     
   4.05000000000000       0.856984384655670     
   4.06000000000000       0.860520392921253     
   4.07000000000000       0.864059331263400     
   4.08000000000000       0.867601225540544     
   4.09000000000000       0.871146101462818     
   4.10000000000000       0.874693984596288     
   4.11000000000000       0.878244900367116     
   4.12000000000000       0.881798874065623     
   4.13000000000000       0.885355930850292     
   4.14000000000000       0.888916095751670     
   4.15000000000000       0.892479393676205     
   4.16000000000000       0.896045849409997     
   4.17000000000000       0.899615487622474     
   4.18000000000000       0.903188332869990     
   4.19000000000000       0.906764409599348     
   4.20000000000000       0.910343742151250     
   4.21000000000000       0.913926354763670     
   4.22000000000000       0.917512271575154     
   4.23000000000000       0.921101516628058     
   4.24000000000000       0.924694113871697     
   4.25000000000000       0.928290087165449     
   4.26000000000000       0.931889460281766     
   4.27000000000000       0.935492256909135     
   4.28000000000000       0.939098500654966     
   4.29000000000000       0.942708215048415     
   4.30000000000000       0.946321423543143     
   4.31000000000000       0.949938149520016     
   4.32000000000000       0.953558416289735     
   4.33000000000000       0.957182247095415     
   4.34000000000000       0.960809665115092     
   4.35000000000000       0.964440693464188     
   4.36000000000000       0.968075355197901     
   4.37000000000000       0.971713673313547     
   4.38000000000000       0.975355670752850     
   4.39000000000000       0.979001370404168     
   4.40000000000000       0.982650795104672     
   4.41000000000000       0.986303967642473     
   4.42000000000000       0.989960910758690     
   4.43000000000000       0.993621647149481     
   4.44000000000000       0.997286199468010     
   4.45000000000000        1.00095459032637     
   4.46000000000000        1.00462684229748     
   4.47000000000000        1.00830297791689     
   4.48000000000000        1.01198301968457     
   4.49000000000000        1.01566699006667     
   4.50000000000000        1.01935491149722     
   4.51000000000000        1.02304680637974     
   4.52000000000000        1.02674269708892     
   4.53000000000000        1.03044260597212     
   4.54000000000000        1.03414655535098     
   4.55000000000000        1.03785456752283     
   4.56000000000000        1.04156666476222     
   4.57000000000000        1.04528286932230     
   4.58000000000000        1.04900320343619     
   4.59000000000000        1.05272768931837     
   4.60000000000000        1.05645634916594     
   4.61000000000000        1.06018920515994     
   4.62000000000000        1.06392627946655     
   4.63000000000000        1.06766759423834     
   4.64000000000000        1.07141317161546     
   4.65000000000000        1.07516303372672     
   4.66000000000000        1.07891720269078     
   4.67000000000000        1.08267570061721     
   4.68000000000000        1.08643854960757     
   4.69000000000000        1.09020577175639     
   4.70000000000000        1.09397738915226     
   4.71000000000000        1.09775342387872     
   4.72000000000000        1.10153389801528     
   4.73000000000000        1.10531883363833     
   4.74000000000000        1.10910825282202     
   4.75000000000000        1.11290217763919     
   4.76000000000000        1.11670063016215     
   4.77000000000000        1.12050363246361     
   4.78000000000000        1.12431120661741     
   4.79000000000000        1.12812337469935     
   4.80000000000000        1.13194015878796     
   4.81000000000000        1.13576158096524     
   4.82000000000000        1.13958766331738     
   4.83000000000000        1.14341842793550     
   4.84000000000000        1.14725389691631     
   4.85000000000000        1.15109409236282     
   4.86000000000000        1.15493903638496     
   4.87000000000000        1.15878875110021     
   4.88000000000000        1.16264325863430     
   4.89000000000000        1.16650258112171     
   4.90000000000000        1.17036674070634     
   4.91000000000000        1.17423575954206     
   4.92000000000000        1.17810965979324     
   4.93000000000000        1.18198846363536     
   4.94000000000000        1.18587219325548     
   4.95000000000000        1.18976087085279     
   4.96000000000000        1.19365451863910     
   4.97000000000000        1.19755315883937     
   4.98000000000000        1.20145681369213     
   4.99000000000000        1.20536550544999     
   5.00000000000000        1.20927925638010     
   5.01000000000000        1.21319808876454     
   5.02000000000000        1.21712202490085     
   5.03000000000000        1.22105108710236     
   5.04000000000000        1.22498529769864     
   5.05000000000000        1.22892467903593     
   5.06000000000000        1.23286925347749     
   5.07000000000000        1.23681904340401     
   5.08000000000000        1.24077407121398     
   5.09000000000000        1.24473435932403     
   5.10000000000000        1.24869993016934     
   5.11000000000000        1.25267080620397     
   5.12000000000000        1.25664700990115     
   5.13000000000000        1.26062856375371     
   5.14000000000000        1.26461549027431     
   5.15000000000000        1.26860781199584     
   5.16000000000000        1.27260555147168     
   5.17000000000000        1.27660873127602     
   5.18000000000000        1.28061737400418     
   5.19000000000000        1.28463150227285     
   5.20000000000000        1.28865113872046     
   5.21000000000000        1.29267630600738     
   5.22000000000000        1.29670702681624     
   5.23000000000000        1.30074332385219     
   5.24000000000000        1.30478521984317     
   5.25000000000000        1.30883273754015     
   5.26000000000000        1.31288589971742     
   5.27000000000000        1.31694472917279     
   5.28000000000000        1.32100924872789     
   5.29000000000000        1.32507948122839     
   5.30000000000000        1.32915544954420     
   5.31000000000000        1.33323717656977     
   5.32000000000000        1.33732468522428     
   5.33000000000000        1.34141799845184     
   5.34000000000000        1.34551713922178     
   5.35000000000000        1.34962213052881     
   5.36000000000000        1.35373299539326     
   5.37000000000000        1.35784975686127     
   5.38000000000000        1.36197243800502     
   5.39000000000000        1.36610106192295     
   5.40000000000000        1.37023565173990     
   5.41000000000000        1.37437623060739     
   5.42000000000000        1.37852282170374     
   5.43000000000000        1.38267544823433     
   5.44000000000000        1.38683413343174     
   5.45000000000000        1.39099890055597     
   5.46000000000000        1.39516977289462     
   5.47000000000000        1.39934677376306     
   5.48000000000000        1.40352992650464     
   5.49000000000000        1.40771925449085     
   5.50000000000000        1.41191478112148     
   5.51000000000000        1.41611652982487     
   5.52000000000000        1.42032452405799     
   5.53000000000000        1.42453878730667     
   5.54000000000000        1.42875934308578     
   5.55000000000000        1.43298621493935     
   5.56000000000000        1.43721942644080     
   5.57000000000000        1.44145900119304     
   5.58000000000000        1.44570496282870     
   5.59000000000000        1.44995733501024     
   5.60000000000000        1.45421614143016     
   5.61000000000000        1.45848140581113     
   5.62000000000000        1.46275315190617     
   5.63000000000000        1.46703140349877     
   5.64000000000000        1.47131618440312     
   5.65000000000000        1.47560751846419     
   5.66000000000000        1.47990542955796     
   5.67000000000000        1.48420994159149     
   5.68000000000000        1.48852107850317     
   5.69000000000000        1.49283886426281     
   5.70000000000000        1.49716332287179     
   5.71000000000000        1.50149447836326     
   5.72000000000000        1.50583235480226     
   5.73000000000000        1.51017697628586     
   5.74000000000000        1.51452836694335     
   5.75000000000000        1.51888655093634     
   5.76000000000000        1.52325155245896     
   5.77000000000000        1.52762339573796     
   5.78000000000000        1.53200210503291     
   5.79000000000000        1.53638770463630     
   5.80000000000000        1.54078021887370     
   5.81000000000000        1.54517967210395     
   5.82000000000000        1.54958608871924     
   5.83000000000000        1.55399949314529     
   5.84000000000000        1.55841990984151     
   5.85000000000000        1.56284736330112     
   5.86000000000000        1.56728187805130     
   5.87000000000000        1.57172347865334     
   5.88000000000000        1.57617218970280     
   5.89000000000000        1.58062803582961     
   5.90000000000000        1.58509104169828     
   5.91000000000000        1.58956123200797     
   5.92000000000000        1.59403863149269     
   5.93000000000000        1.59852326492142     
   5.94000000000000        1.60301515709827     
   5.95000000000000        1.60751433286260     
   5.96000000000000        1.61202081708917     
   5.97000000000000        1.61653463468831     
   5.98000000000000        1.62105581060602     
   5.99000000000000        1.62558436982415     
   6.00000000000000        1.63012033736052     
   6.01000000000000        1.63466373826907     
   6.02000000000000        1.63921459764001     
   6.03000000000000        1.64377294059996     
   6.04000000000000        1.64833879231209     
   6.05000000000000        1.65291217797625     
   6.06000000000000        1.65749312282913     
   6.07000000000000        1.66208165214443     
   6.08000000000000        1.66667779123292     
   6.09000000000000        1.67128156544268     
   6.10000000000000        1.67589300015918     
   6.11000000000000        1.68051212080545     
   6.12000000000000        1.68513895284220     
   6.13000000000000        1.68977352176799     
   6.14000000000000        1.69441585311936     
   6.15000000000000        1.69906597247098     
   6.16000000000000        1.70372390543579     
   6.17000000000000        1.70838967766513     
   6.18000000000000        1.71306331484890     
   6.19000000000000        1.71774484271572     
   6.20000000000000        1.72243428703303     
   6.21000000000000        1.72713167360727     
   6.22000000000000        1.73183702828402     
   6.23000000000000        1.73655037694811     
   6.24000000000000        1.74127174552384     
   6.25000000000000        1.74600115997502     
   6.26000000000000        1.75073864630522     
   6.27000000000000        1.75548423055783     
   6.28000000000000        1.76023793881628     
   6.29000000000000        1.76499979720410     
   6.30000000000000        1.76976983188515     
   6.31000000000000        1.77454806906372     
   6.32000000000000        1.77933453498468     
   6.33000000000000        1.78412925593362     
   6.34000000000000        1.78893225823702     
   6.35000000000000        1.79374356826239     
   6.36000000000000        1.79856321241838     
   6.37000000000000        1.80339121715498     
   6.38000000000000        1.80822760896363     
   6.39000000000000        1.81307241437739     
   6.40000000000000        1.81792565997108     
   6.41000000000000        1.82278737236141     
   6.42000000000000        1.82765757820714     
   6.43000000000000        1.83253630420925     
   6.44000000000000        1.83742357711105     
   6.45000000000000        1.84231942369836     
   6.46000000000000        1.84722387079963     
   6.47000000000000        1.85213694528611     
   6.48000000000000        1.85705867407200     
   6.49000000000000        1.86198908411458     
   6.50000000000000        1.86692820241438     
   6.51000000000000        1.87187605601532     
   6.52000000000000        1.87683267200484     
   6.53000000000000        1.88179807751411     
   6.54000000000000        1.88677229971810     
   6.55000000000000        1.89175536583579     
   6.56000000000000        1.89674730313030     
   6.57000000000000        1.90174813890904     
   6.58000000000000        1.90675790052387     
   6.59000000000000        1.91177661537125     
   6.60000000000000        1.91680431089235     
   6.61000000000000        1.92184101457329     
   6.62000000000000        1.92688675394520     
   6.63000000000000        1.93194155658443     
   6.64000000000000        1.93700545011268     
   6.65000000000000        1.94207846219717     
   6.66000000000000        1.94716062055077     
   6.67000000000000        1.95225195293215     
   6.68000000000000        1.95735248714598     
   6.69000000000000        1.96246225104302     
   6.70000000000000        1.96758127252033     
   6.71000000000000        1.97270957952137     
   6.72000000000000        1.97784720003622     
   6.73000000000000        1.98299416210167     
   6.74000000000000        1.98815049380142     
   6.75000000000000        1.99331622326620     
   6.76000000000000        1.99849137867396     
   6.77000000000000        2.00367598825000     
   6.78000000000000        2.00887008026715     
   6.79000000000000        2.01407368304589     
   6.80000000000000        2.01928682495454     
   6.81000000000000        2.02450953440942     
   6.82000000000000        2.02974183987495     
   6.83000000000000        2.03498376986389     
   6.84000000000000        2.04023535293744     
   6.85000000000000        2.04549661770540     
   6.86000000000000        2.05076759282637     
   6.87000000000000        2.05604830700785     
   6.88000000000000        2.06133878900646     
   6.89000000000000        2.06663906762803     
   6.90000000000000        2.07194917172784     
   6.91000000000000        2.07726913021069     
   6.92000000000000        2.08259897203113     
   6.93000000000000        2.08793872619360     
   6.94000000000000        2.09328842175256     
   6.95000000000000        2.09864808781270     
   6.96000000000000        2.10401775352906     
   6.97000000000000        2.10939744810721     
   6.98000000000000        2.11478720080340     
   6.99000000000000        2.12018704092474     
   7.00000000000000        2.12559699782935     
   7.01000000000000        2.13101710092652     
   7.02000000000000        2.13644737967685     
   7.03000000000000        2.14188786359247     
   7.04000000000000        2.14733858223716     
   7.05000000000000        2.15279956522651     
   7.06000000000000        2.15827084222811     
   7.07000000000000        2.16375244296168     
   7.08000000000000        2.16924439719928     
   7.09000000000000        2.17474673476541     
   7.10000000000000        2.18025948553725     
   7.11000000000000        2.18578267944475     
   7.12000000000000        2.19131634647085     
   7.13000000000000        2.19686051665163     
   7.14000000000000        2.20241522007645     
   7.15000000000000        2.20798048688815     
   7.16000000000000        2.21355634728321     
   7.17000000000000        2.21914283151189     
   7.18000000000000        2.22473996987843     
   7.19000000000000        2.23034779274118     
   7.20000000000000        2.23596633051282     
   7.21000000000000        2.24159561366048     
   7.22000000000000        2.24723567270592     
   7.23000000000000        2.25288653822571     
   7.24000000000000        2.25854824085138     
   7.25000000000000        2.26422081126961     
   7.26000000000000        2.26990428022238     
   7.27000000000000        2.27559867850716     
   7.28000000000000        2.28130403697704     
   7.29000000000000        2.28702038654095     
   7.30000000000000        2.29274775816379     
   7.31000000000000        2.29848618286663     
   7.32000000000000        2.30423569172686     
   7.33000000000000        2.30999631587835     
   7.34000000000000        2.31576808651167     
   7.35000000000000        2.32155103487420     
   7.36000000000000        2.32734519227036     
   7.37000000000000        2.33315059006173     
   7.38000000000000        2.33896725966725     
   7.39000000000000        2.34479523256339     
   7.40000000000000        2.35063454028434     
   7.41000000000000        2.35648521442213     
   7.42000000000000        2.36234728662686     
   7.43000000000000        2.36822078860686     
   7.44000000000000        2.37410575212882     
   7.45000000000000        2.38000220901804     
   7.46000000000000        2.38591019115855     
   7.47000000000000        2.39182973049329     
   7.48000000000000        2.39776085902430     
   7.49000000000000        2.40370360881291     
   7.50000000000000        2.40965801197986     
   7.51000000000000        2.41562410070556     
   7.52000000000000        2.42160190723017     
   7.53000000000000        2.42759146385386     
   7.54000000000000        2.43359280293695     
   7.55000000000000        2.43960595690008     
   7.56000000000000        2.44563095822440     
   7.57000000000000        2.45166783945176     
   7.58000000000000        2.45771663318485     
   7.59000000000000        2.46377737208744     
   7.60000000000000        2.46985008888449     
   7.61000000000000        2.47593481636239     
   7.62000000000000        2.48203158736908     
   7.63000000000000        2.48814043481429     
   7.64000000000000        2.49426139166969     
   7.65000000000000        2.50039449096906     
   7.66000000000000        2.50653976580849     
   7.67000000000000        2.51269724934656     
   7.68000000000000        2.51886697480451     
   7.69000000000000        2.52504897546643     
   7.70000000000000        2.53124328467946     
   7.71000000000000        2.53744993585391     
   7.72000000000000        2.54366896246354     
   7.73000000000000        2.54990039804565     
   7.74000000000000        2.55614427620132     
   7.75000000000000        2.56240063059558     
   7.76000000000000        2.56866949495759     
   7.77000000000000        2.57495090308081     
   7.78000000000000        2.58124488882322     
   7.79000000000000        2.58755148610748     
   7.80000000000000        2.59387072892113     
   7.81000000000000        2.60020265131676     
   7.82000000000000        2.60654728741219     
   7.83000000000000        2.61290467139069     
   7.84000000000000        2.61927483750115     
   7.85000000000000        2.62565782005825     
   7.86000000000000        2.63205365344267     
   7.87000000000000        2.63846237210128     
   7.88000000000000        2.64488401054729     
   7.89000000000000        2.65131860336050     
   7.90000000000000        2.65776618518744     
   7.91000000000000        2.66422679074156     
   7.92000000000000        2.67070045480347     
   7.93000000000000        2.67718721222107     
   7.94000000000000        2.68368709790977     
   7.95000000000000        2.69020014685267     
   7.96000000000000        2.69672639410078     
   7.97000000000000        2.70326587477317     
   7.98000000000000        2.70981862405717     
   7.99000000000000        2.71638467720859     
   8.00000000000000        2.72296406955190     
   8.01000000000000        2.72955683648040     
   8.02000000000000        2.73616301345643     
   8.03000000000000        2.74278263601159     
   8.04000000000000        2.74941573974688     
   8.05000000000000        2.75606236033292     
   8.06000000000000        2.76272253351018     
   8.07000000000000        2.76939629508911     
   8.08000000000000        2.77608368095037     
   8.09000000000000        2.78278472704504     
   8.10000000000000        2.78949946939480     
   8.11000000000000        2.79622794409209     
   8.12000000000000        2.80297018730038     
   8.13000000000000        2.80972623525431     
   8.14000000000000        2.81649612425992     
   8.15000000000000        2.82327989069482     
   8.16000000000000        2.83007757100840     
   8.17000000000000        2.83688920172206     
   8.18000000000000        2.84371481942934     
   8.19000000000000        2.85055446079619     
   8.20000000000000        2.85740816256113     
   8.21000000000000        2.86427596153545     
   8.22000000000000        2.87115789460343     
   8.23000000000000        2.87805399872254     
   8.24000000000000        2.88496431092361     
   8.25000000000000        2.89188886831107     
   8.26000000000000        2.89882770806313     
   8.27000000000000        2.90578086743198     
   8.28000000000000        2.91274838374402     
   8.29000000000000        2.91973029440003     
   8.30000000000000        2.92672663687539     
   8.31000000000000        2.93373744872028     
   8.32000000000000        2.94076276755989     
   8.33000000000000        2.94780263109462     
   8.34000000000000        2.95485707710028     
   8.35000000000000        2.96192614342830     
   8.36000000000000        2.96900986800595     
   8.37000000000000        2.97610828883653     
   8.38000000000000        2.98322144399956     
   8.39000000000000        2.99034937165102     
   8.40000000000000        2.99749211002356     
   8.41000000000000        3.00464969742667     
   8.42000000000000        3.01182217224692     
   8.43000000000000        3.01900957294815     
   8.44000000000000        3.02621193807171     
   8.45000000000000        3.03342930623661     
   8.46000000000000        3.04066171613980     
   8.47000000000000        3.04790920655635     
   8.48000000000000        3.05517181633962     
   8.49000000000000        3.06244958442155     
   8.50000000000000        3.06974254981282     
   8.51000000000000        3.07705075160306     
   8.52000000000000        3.08437422896109     
   8.53000000000000        3.09171302113510     
   8.54000000000000        3.09906716745289     
   8.55000000000000        3.10643670732209     
   8.56000000000000        3.11382168023034     
   8.57000000000000        3.12122212574552     
   8.58000000000000        3.12863808351598     
   8.59000000000000        3.13606959327073     
   8.60000000000000        3.14351669481968     
   8.61000000000000        3.15097942805384     
   8.62000000000000        3.15845783294553     
   8.63000000000000        3.16595194954862     
   8.64000000000000        3.17346181799874     
   8.65000000000000        3.18098747851348     
   8.66000000000000        3.18852897139262     
   8.67000000000000        3.19608633701836     
   8.68000000000000        3.20365961585551     
   8.69000000000000        3.21124884845176     
   8.70000000000000        3.21885407543783     
   8.71000000000000        3.22647533752776     
   8.72000000000000        3.23411267551907     
   8.73000000000000        3.24176613029303     
   8.74000000000000        3.24943574281485     
   8.75000000000000        3.25712155413393     
   8.76000000000000        3.26482360538404     
   8.77000000000000        3.27254193778360     
   8.78000000000000        3.28027659263583     
   8.79000000000000        3.28802761132906     
   8.80000000000000        3.29579503533689     
   8.81000000000000        3.30357890621842     
   8.82000000000000        3.31137926561852     
   8.83000000000000        3.31919615526801     
   8.84000000000000        3.32702961698390     
   8.85000000000000        3.33487969266961     
   8.86000000000000        3.34274642431523     
   8.87000000000000        3.35062985399770     
   8.88000000000000        3.35853002388107     
   8.89000000000000        3.36644697621672     
   8.90000000000000        3.37438075334357     
   8.91000000000000        3.38233139768835     
   8.92000000000000        3.39029895176580     
   8.93000000000000        3.39828345817888     
   8.94000000000000        3.40628495961907     
   8.95000000000000        3.41430349886652     
   8.96000000000000        3.42233911879034     
   8.97000000000000        3.43039186234881     
   8.98000000000000        3.43846177258960     
   8.99000000000000        3.44654889265003     
   9.00000000000000        3.45465326575728     
   9.01000000000000        3.46277493522864     
   9.02000000000000        3.47091394447174     
   9.03000000000000        3.47907033698478     
   9.04000000000000        3.48724415635675     
   9.05000000000000        3.49543544626772     
   9.06000000000000        3.50364425048901     
   9.07000000000000        3.51187061288346     
   9.08000000000000        3.52011457740568     
   9.09000000000000        3.52837618810225     
   9.10000000000000        3.53665548911200     
   9.11000000000000        3.54495252466621     
   9.12000000000000        3.55326733908887     
   9.13000000000000        3.56159997679693     
   9.14000000000000        3.56995048230051     
   9.15000000000000        3.57831890020316     
   9.16000000000000        3.58670527520211     
   9.17000000000000        3.59510965208848     
   9.18000000000000        3.60353207574755     
   9.19000000000000        3.61197259115901     
   9.20000000000000        3.62043124339717     
   9.21000000000000        3.62890807763121     
   9.22000000000000        3.63740313912546     
   9.23000000000000        3.64591647323959     
   9.24000000000000        3.65444812542891     
   9.25000000000000        3.66299814124458     
   9.26000000000000        3.67156656633386     
   9.27000000000000        3.68015344644036     
   9.28000000000000        3.68875882740430     
   9.29000000000000        3.69738275516274     
   9.30000000000000        3.70602527574982     
   9.31000000000000        3.71468643529705     
   9.32000000000000        3.72336628003350     
   9.33000000000000        3.73206485628611     
   9.34000000000000        3.74078221047989     
   9.35000000000000        3.74951838913821     
   9.36000000000000        3.75827343888302     
   9.37000000000000        3.76704740643510     
   9.38000000000000        3.77584033861436     
   9.39000000000000        3.78465228234003     
   9.40000000000000        3.79348328463095     
   9.41000000000000        3.80233339260583     
   9.42000000000000        3.81120265348347     
   9.43000000000000        3.82009111458305     
   9.44000000000000        3.82899882332434     
   9.45000000000000        3.83792582722803     
   9.46000000000000        3.84687217391590     
   9.47000000000000        3.85583791111115     
   9.48000000000000        3.86482308663860     
   9.49000000000000        3.87382774842500     
   9.50000000000000        3.88285194449923     
   9.51000000000000        3.89189572299262     
   9.52000000000000        3.90095913213916     
   9.53000000000000        3.91004222027580     
   9.54000000000000        3.91914503584266     
   9.55000000000000        3.92826762738336     
   9.56000000000000        3.93741004354521     
   9.57000000000000        3.94657233307953     
   9.58000000000000        3.95575454484188     
   9.59000000000000        3.96495672779233     
   9.60000000000000        3.97417893099571     
   9.61000000000000        3.98342120362193     
   9.62000000000000        3.99268359494616     
   9.63000000000000        4.00196615434917     
   9.64000000000000        4.01126893131756     
   9.65000000000000        4.02059197544403     
   9.66000000000000        4.02993533642764     
   9.67000000000000        4.03929906407411     
   9.68000000000000        4.04868320829604     
   9.69000000000000        4.05808781911323     
   9.70000000000000        4.06751294665291     
   9.71000000000000        4.07695864115003     
   9.72000000000000        4.08642495294751     
   9.73000000000000        4.09591193249654     
   9.74000000000000        4.10541963035685     
   9.75000000000000        4.11494809719693     
   9.76000000000000        4.12449738379437     
   9.77000000000000        4.13406754103612     
   9.78000000000000        4.14365861991871     
   9.79000000000000        4.15327067154860     
   9.80000000000000        4.16290374714240     
   9.81000000000000        4.17255789802717     
   9.82000000000000        4.18223317564068     
   9.83000000000000        4.19192963153172     
   9.84000000000000        4.20164731736035     
   9.85000000000000        4.21138628489816     
   9.86000000000000        4.22114658602859     
   9.87000000000000        4.23092827274721     
   9.88000000000000        4.24073139716193     
   9.89000000000000        4.25055601149339     
   9.90000000000000        4.26040216807514     
   9.91000000000000        4.27026991935397     
   9.92000000000000        4.28015931789021     
   9.93000000000000        4.29007041635797     
   9.94000000000000        4.30000326754544     
   9.95000000000000        4.30995792435518     
   9.96000000000000        4.31993443980440     
   9.97000000000000        4.32993286702524     
   9.98000000000000        4.33995325926508     
   9.99000000000000        4.34999566988678     
   10.0000000000000        4.36006015236902     
   10.0100000000000        4.37014676030655     
   10.0200000000000        4.38025554741049     
   10.0300000000000        4.39038656750862     
   10.0400000000000        4.40053987454566     
   10.0500000000000        4.41071552258359     
   10.0600000000000        4.42091356580190     
   10.0700000000000        4.43113405849791     
   10.0800000000000        4.44137705508705     
   10.0900000000000        4.45164261010315     
   10.1000000000000        4.46193077819875     
   10.1100000000000        4.47224161414536     
   10.1200000000000        4.48257517283380     
   10.1300000000000        4.49293150927446     
   10.1400000000000        4.50331067859761     
   10.1500000000000        4.51371273605368     
   10.1600000000000        4.52413773701358     
   10.1700000000000        4.53458573696900     
   10.1800000000000        4.54505679153267     
   10.1900000000000        4.55555095643871     
   10.2000000000000        4.56606828754288     
   10.2100000000000        4.57660884082291     
   10.2200000000000        4.58717267237882     
   10.2300000000000        4.59775983843316     
   10.2400000000000        4.60837039533136     
   10.2500000000000        4.61900439954203     
   10.2600000000000        4.62966190765726     
   10.2700000000000        4.64034297639288     
   10.2800000000000        4.65104766258885     
   10.2900000000000        4.66177602320949     
   10.3000000000000        4.67252811534382     
   10.3100000000000        4.68330399620586     
   10.3200000000000        4.69410372313494     
   10.3300000000000        4.70492735359600     
   10.3400000000000        4.71577494517990     
   10.3500000000000        4.72664655560377     
   10.3600000000000        4.73754224271122     
   10.3700000000000        4.74846206447278     
   10.3800000000000        4.75940607898609     
   10.3900000000000        4.77037434447630     
   10.4000000000000        4.78136691929635     
   10.4100000000000        4.79238386192725     
   10.4200000000000        4.80342523097848     
   10.4300000000000        4.81449108518820     
   10.4400000000000        4.82558148342364     
   10.4500000000000        4.83669648468141     
   10.4600000000000        4.84783614808776     
   10.4700000000000        4.85900053289896     
   10.4800000000000        4.87018969850161     
   10.4900000000000        4.88140370441291     
   10.5000000000000        4.89264261028103     
   10.5100000000000        4.90390647588542     
   10.5200000000000        4.91519536113711     
   10.5300000000000        4.92650932607904     
   10.5400000000000        4.93784843088642     
   10.5500000000000        4.94921273586698     
   10.5600000000000        4.96060230146137     
   10.5700000000000        4.97201718824342     
   10.5800000000000        4.98345745692050     
   10.5900000000000        4.99492316833386     
   10.6000000000000        5.00641438345890     
   10.6100000000000        5.01793116340557     
   10.6200000000000        5.02947356941863     
   10.6300000000000        5.04104166287802     
   10.6400000000000        5.05263550529919     
   10.6500000000000        5.06425515833340     
   10.6600000000000        5.07590068376808     
   10.6700000000000        5.08757214352713     
   10.6800000000000        5.09926959967131     
   10.6900000000000        5.11099311439851     
   10.7000000000000        5.12274275004410     
   10.7100000000000        5.13451856908129     
   10.7200000000000        5.14632063412145     
   10.7300000000000        5.15814900791443     
   10.7400000000000        5.17000375334892     
   10.7500000000000        5.18188493345278     
   10.7600000000000        5.19379261139337     
   10.7700000000000        5.20572685047790     
   10.7800000000000        5.21768771415374     
   10.7900000000000        5.22967526600883     
   10.8000000000000        5.24168956977193     
   10.8100000000000        5.25373068931303     
   10.8200000000000        5.26579868864366     
   10.8300000000000        5.27789363191726     
   10.8400000000000        5.29001558342948     
   10.8500000000000        5.30216460761857     
   10.8600000000000        5.31434076906569     
   10.8700000000000        5.32654413249529     
   10.8800000000000        5.33877476277544     
   10.8900000000000        5.35103272491815     
   10.9000000000000        5.36331808407977     
   10.9100000000000        5.37563090556131     
   10.9200000000000        5.38797125480879     
   10.9300000000000        5.40033919741361     
   10.9400000000000        5.41273479911286     
   10.9500000000000        5.42515812578973     
   10.9600000000000        5.43760924347381     
   10.9700000000000        5.45008821834147     
   10.9800000000000        5.46259511671622     
   10.9900000000000        5.47513000506906     
   11.0000000000000        5.48769295001881     
   11.0100000000000        5.50028401833252     
   11.0200000000000        5.51290327692577     
   11.0300000000000        5.52555079286306     
   11.0400000000000        5.53822663335819     
   11.0500000000000        5.55093086577457     
   11.0600000000000        5.56366355762561     
   11.0700000000000        5.57642477657509     
   11.0800000000000        5.58921459043750     
   11.0900000000000        5.60203306717840     
   11.1000000000000        5.61488027491484     
   11.1100000000000        5.62775628191565     
   11.1200000000000        5.64066115660183     
   11.1300000000000        5.65359496754696     
   11.1400000000000        5.66655778347750     
   11.1500000000000        5.67954967327321     
   11.1600000000000        5.69257070596750     
   11.1700000000000        5.70562095074778     
   11.1800000000000        5.71870047695587     
   11.1900000000000        5.73180935408835     
   11.2000000000000        5.74494765179691     
   11.2100000000000        5.75811543988878     
   11.2200000000000        5.77131278832705     
   11.2300000000000        5.78453976723107     
   11.2400000000000        5.79779644687682     
   11.2500000000000        5.81108289769728     
   11.2600000000000        5.82439919028283     
   11.2700000000000        5.83774539538160     
   11.2800000000000        5.85112158389987     
   11.2900000000000        5.86452782690244     
   11.3000000000000        5.87796419561300     
   11.3100000000000        5.89143076141453     
   11.3200000000000        5.90492759584967     
   11.3300000000000        5.91845477062113     
   11.3400000000000        5.93201235759202     
   11.3500000000000        5.94560042878629     
   11.3600000000000        5.95921905638908     
   11.3700000000000        5.97286831274713     
   11.3800000000000        5.98654827036914     
   11.3900000000000        6.00025900192618     
   11.4000000000000        6.01400058025210     
   11.4100000000000        6.02777307834385     
   11.4200000000000        6.04157656936195     
   11.4300000000000        6.05541112663081     
   11.4400000000000        6.06927682363920     
   11.4500000000000        6.08317373404056     
   11.4600000000000        6.09710193165348     
   11.4700000000000        6.11106149046201     
   11.4800000000000        6.12505248461612     
   11.4900000000000        6.13907498843208     
   11.5000000000000        6.15312907639282     
   11.5100000000000        6.16721482314840     
   11.5200000000000        6.18133230351635     
   11.5300000000000        6.19548159248209     
   11.5400000000000        6.20966276519933     
   11.5500000000000        6.22387589699048     
   11.5600000000000        6.23812106334706     
   11.5700000000000        6.25239833993006     
   11.5800000000000        6.26670780257041     
   11.5900000000000        6.28104952726932     
   11.6000000000000        6.29542359019874     
   11.6100000000000        6.30983006770174     
   11.6200000000000        6.32426903629294     
   11.6300000000000        6.33874057265887     
   11.6400000000000        6.35324475365845     
   11.6500000000000        6.36778165632335     
   11.6600000000000        6.38235135785841     
   11.6700000000000        6.39695393564208     
   11.6800000000000        6.41158946722681     
   11.6900000000000        6.42625803033946     
   11.7000000000000        6.44095970288174     
   11.7100000000000        6.45569456293060     
   11.7200000000000        6.47046268873868     
   11.7300000000000        6.48526415873468     
   11.7400000000000        6.50009905152385     
   11.7500000000000        6.51496744588832     
   11.7600000000000        6.52986942078762     
   11.7700000000000        6.54480505535902     
   11.7800000000000        6.55977442891801     
   11.7900000000000        6.57477762095867     
   11.8000000000000        6.58981471115417     
   11.8100000000000        6.60488577935712     
   11.8200000000000        6.61999090560004     
   11.8300000000000        6.63513017009577     
   11.8400000000000        6.65030365323794     
   11.8500000000000        6.66551143560132     
   11.8600000000000        6.68075359794233     
   11.8700000000000        6.69603022119943     
   11.8800000000000        6.71134138649357     
   11.8900000000000        6.72668717512862     
   11.9000000000000        6.74206766859178     
   11.9100000000000        6.75748294855407     
   11.9200000000000        6.77293309687070     
   11.9300000000000        6.78841819558158     
   11.9400000000000        6.80393832691170     
   11.9500000000000        6.81949357327158     
   11.9600000000000        6.83508401725775     
   11.9700000000000        6.85070974165315     
   11.9800000000000        6.86637082942758     
   11.9900000000000        6.88206736373817     
   12.0000000000000        6.89779942792978     
   12.0100000000000        6.91356710553549     
   12.0200000000000        6.92937048027703     
   12.0300000000000        6.94520963606520     
   12.0400000000000        6.96108465700037     
   12.0500000000000        6.97699562737290     
   12.0600000000000        6.99294263166359     
   12.0700000000000        7.00892575454412     
   12.0800000000000        7.02494508087756     
   12.0900000000000        7.04100069571875     
   12.1000000000000        7.05709268431478     
   12.1100000000000        7.07322113210550     
   12.1200000000000        7.08938612472388     
   12.1300000000000        7.10558774799654     
   12.1400000000000        7.12182608794420     
   12.1500000000000        7.13810123078211     
   12.1600000000000        7.15441326292053     
   12.1700000000000        7.17076227096520     
   12.1800000000000        7.18714834171778     
   12.1900000000000        7.20357156217634     
   12.2000000000000        7.22003201953581     
   12.2100000000000        7.23652980118844     
   12.2200000000000        7.25306499472429     
   12.2300000000000        7.26963768793168     
   12.2400000000000        7.28624796879766     
   12.2500000000000        7.30289592550848     
   12.2600000000000        7.31958164645008     
   12.2700000000000        7.33630522020855     
   12.2800000000000        7.35306673557058     
   12.2900000000000        7.36986628152397     
   12.3000000000000        7.38670394725810     
   12.3100000000000        7.40357982216439     
   12.3200000000000        7.42049399583679     
   12.3300000000000        7.43744655807225     
   12.3400000000000        7.45443759887122     
   12.3500000000000        7.47146720843810     
   12.3600000000000        7.48853547718176     
   12.3700000000000        7.50564249571598     
   12.3800000000000        7.52278835485998     
   12.3900000000000        7.53997314563887     
   12.4000000000000        7.55719695928414     
   12.4100000000000        7.57445988723418     
   12.4200000000000        7.59176202113474     
   12.4300000000000        7.60910345283940     
   12.4400000000000        7.62648427441012     
   12.4500000000000        7.64390457811769     
   12.4600000000000        7.66136445644222     
   12.4700000000000        7.67886400207365     
   12.4800000000000        7.69640330791226     
   12.4900000000000        7.71398246706912     
   12.5000000000000        7.73160157286664     
   12.5100000000000        7.74926071883902     
   12.5200000000000        7.76695999873281     
   12.5300000000000        7.78469950650734     
   12.5400000000000        7.80247933633528     
   12.5500000000000        7.82029958260313     
   12.5600000000000        7.83816033991168     
   12.5700000000000        7.85606170307658     
   12.5800000000000        7.87400376712882     
   12.5900000000000        7.89198662731521     
   12.6000000000000        7.91001037909895     
   12.6100000000000        7.92807511816008     
   12.6200000000000        7.94618094039602     
   12.6300000000000        7.96432794192209     
   12.6400000000000        7.98251621907200     
   12.6500000000000        8.00074586839839     
   12.6600000000000        8.01901698667334     
   12.6700000000000        8.03732967088884     
   12.6800000000000        8.05568401825741     
   12.6900000000000        8.07408012621251     
   12.7000000000000        8.09251809240913     
   12.7100000000000        8.11099801472429     
   12.7200000000000        8.12951999125757     
   12.7300000000000        8.14808412033161     
   12.7400000000000        8.16669050049268     
   12.7500000000000        8.18533923051115     
   12.7600000000000        8.20403040938208     
   12.7700000000000        8.22276413632569     
   12.7800000000000        8.24154051078793     
   12.7900000000000        8.26035963244100     
   12.8000000000000        8.27922160118389     
   12.8100000000000        8.29812651714289     
   12.8200000000000        8.31707448067215     
   12.8300000000000        8.33606559235419     
   12.8400000000000        8.35509995300048     
   12.8500000000000        8.37417766365194     
   12.8600000000000        8.39329882557949     
   12.8700000000000        8.41246354028460     
   12.8800000000000        8.43167190949983     
   12.8900000000000        8.45092403518935     
   12.9000000000000        8.47022001954953     
   12.9100000000000        8.48955996500945     
   12.9200000000000        8.50894397423145     
   12.9300000000000        8.52837215011170     
   12.9400000000000        8.54784459578072     
   12.9500000000000        8.56736141460397     
   12.9600000000000        8.58692271018236     
   12.9700000000000        8.60652858635284     
   12.9800000000000        8.62617914718891     
   12.9900000000000        8.64587449700124     
   13.0000000000000        8.66561474033816     
   13.0100000000000        8.68539998198627     
   13.0200000000000        8.70523032697098     
   13.0300000000000        8.72510588055705     
   13.0400000000000        8.74502674824919     
   13.0500000000000        8.76499303579261     
   13.0600000000000        8.78500484917358     
   13.0700000000000        8.80506229461998     
   13.0800000000000        8.82516547860192     
   13.0900000000000        8.84531450783223     
   13.1000000000000        8.86550948926712     
   13.1100000000000        8.88575053010668     
   13.1200000000000        8.90603773779548     
   13.1300000000000        8.92637122002315     
   13.1400000000000        8.94675108472494     
   13.1500000000000        8.96717744008231     
   13.1600000000000        8.98765039452350     
   13.1700000000000        9.00817005672411     
   13.1800000000000        9.02873653560769     
   13.1900000000000        9.04934994034632     
   13.2000000000000        9.07001038036115     
   13.2100000000000        9.09071796532307     
   13.2200000000000        9.11147280515321     
   13.2300000000000        9.13227501002360     
   13.2400000000000        9.15312469035769     
   13.2500000000000        9.17402195683099     
   13.2600000000000        9.19496692037165     
   13.2700000000000        9.21595969216103     
   13.2800000000000        9.23700038363433     
   13.2900000000000        9.25808910648115     
   13.3000000000000        9.27922597264613     
   13.3100000000000        9.30041109432947     
   13.3200000000000        9.32164458398765     
   13.3300000000000        9.34292655433389     
   13.3400000000000        9.36425711833888     
   13.3500000000000        9.38563638923129     
   13.3600000000000        9.40706448049842     
   13.3700000000000        9.42854150588682     
   13.3800000000000        9.45006757940284     
   13.3900000000000        9.47164281531329     
   13.4000000000000        9.49326732814604     
   13.4100000000000        9.51494123269062     
   13.4200000000000        9.53666464399884     
   13.4300000000000        9.55843767738540     
   13.4400000000000        9.58026044842853     
   13.4500000000000        9.60213307297056     
   13.4600000000000        9.62405566711859     
   13.4700000000000        9.64602834724505     
   13.4800000000000        9.66805122998841     
   13.4900000000000        9.69012443225370     
   13.5000000000000        9.71224807121322     
   13.5100000000000        9.73442226430711     
   13.5200000000000        9.75664712924402     
   13.5300000000000        9.77892278400168     
   13.5400000000000        9.80124934682761     
   13.5500000000000        9.82362693623969     
   13.5600000000000        9.84605567102679     
   13.5700000000000        9.86853567024947     
   13.5800000000000        9.89106705324054     
   13.5900000000000        9.91364993960573     
   13.6000000000000        9.93628444922435     
   13.6100000000000        9.95897070224988     
   13.6200000000000        9.98170881911066     
   13.6300000000000        10.0044989205105     
   13.6400000000000        10.0273411274294     
   13.6500000000000        10.0502355611240     
   13.6600000000000        10.0731823431285     
   13.6700000000000        10.0961815952550     
   13.6800000000000        10.1192334395946     
   13.6900000000000        10.1423379985176     
   13.7000000000000        10.1654953946742     
   13.7100000000000        10.1887057509955     
   13.7200000000000        10.2119691906938     
   13.7300000000000        10.2352858372635     
   13.7400000000000        10.2586558144816     
   13.7500000000000        10.2820792464085     
   13.7600000000000        10.3055562573884     
   13.7700000000000        10.3290869720503     
   13.7800000000000        10.3526715153084     
   13.7900000000000        10.3763100123630     
   13.8000000000000        10.4000025887010     
   13.8100000000000        10.4237493700965     
   13.8200000000000        10.4475504826117     
   13.8300000000000        10.4714060525976     
   13.8400000000000        10.4953162066942     
   13.8500000000000        10.5192810718318     
   13.8600000000000        10.5433007752312     
   13.8700000000000        10.5673754444046     
   13.8800000000000        10.5915052071565     
   13.8900000000000        10.6156901915838     
   13.9000000000000        10.6399305260769     
   13.9100000000000        10.6642263393204     
   13.9200000000000        10.6885777602937     
   13.9300000000000        10.7129849182716     
   13.9400000000000        10.7374479428250     
   13.9500000000000        10.7619669638218     
   13.9600000000000        10.7865421114273     
   13.9700000000000        10.8111735161053     
   13.9800000000000        10.8358613086184     
   13.9900000000000        10.8606056200287     
   14.0000000000000        10.8854065816988     
   14.0100000000000        10.9102643252925     
   14.0200000000000        10.9351789827749     
   14.0300000000000        10.9601506864141     
   14.0400000000000        10.9851795687809     
   14.0500000000000        11.0102657627502     
   14.0600000000000        11.0354094015015     
   14.0700000000000        11.0606106185195     
   14.0800000000000        11.0858695475948     
   14.0900000000000        11.1111863228250     
   14.1000000000000        11.1365610786149     
   14.1100000000000        11.1619939496775     
   14.1200000000000        11.1874850710346     
   14.1300000000000        11.2130345780179     
   14.1400000000000        11.2386426062690     
   14.1500000000000        11.2643092917408     
   14.1600000000000        11.2900347706979     
   14.1700000000000        11.3158191797173     
   14.1800000000000        11.3416626556894     
   14.1900000000000        11.3675653358183     
   14.2000000000000        11.3935273576231     
   14.2100000000000        11.4195488589381     
   14.2200000000000        11.4456299779137     
   14.2300000000000        11.4717708530174     
   14.2400000000000        11.4979716230342     
   14.2500000000000        11.5242324270675     
   14.2600000000000        11.5505534045397     
   14.2700000000000        11.5769346951934     
   14.2800000000000        11.6033764390914     
   14.2900000000000        11.6298787766180     
   14.3000000000000        11.6564418484798     
   14.3100000000000        11.6830657957059     
   14.3200000000000        11.7097507596493     
   14.3300000000000        11.7364968819873     
   14.3400000000000        11.7633043047221     
   14.3500000000000        11.7901731701821     
   14.3600000000000        11.8171036210221     
   14.3700000000000        11.8440958002245     
   14.3800000000000        11.8711498510996     
   14.3900000000000        11.8982659172868     
   14.4000000000000        11.9254441427553     
   14.4100000000000        11.9526846718044     
   14.4200000000000        11.9799876490651     
   14.4300000000000        12.0073532195001     
   14.4400000000000        12.0347815284049     
   14.4500000000000        12.0622727214086     
   14.4600000000000        12.0898269444746     
   14.4700000000000        12.1174443439016     
   14.4800000000000        12.1451250663240     
   14.4900000000000        12.1728692587128     
   14.5000000000000        12.2006770683766     
   14.5100000000000        12.2285486429624     
   14.5200000000000        12.2564841304559     
   14.5300000000000        12.2844836791829     
   14.5400000000000        12.3125474378096     
   14.5500000000000        12.3406755553439     
   14.5600000000000        12.3688681811355     
   14.5700000000000        12.3971254648775     
   14.5800000000000        12.4254475566066     
   14.5900000000000        12.4538346067042     
   14.6000000000000        12.4822867658970     
   14.6100000000000        12.5108041852579     
   14.6200000000000        12.5393870162071     
   14.6300000000000        12.5680354105122     
   14.6400000000000        12.5967495202897     
   14.6500000000000        12.6255294980057     
   14.6600000000000        12.6543754964761     
   14.6700000000000        12.6832876688684     
   14.6800000000000        12.7122661687015     
   14.6900000000000        12.7413111498476     
   14.7000000000000        12.7704227665318     
   14.7100000000000        12.7996011733341     
   14.7200000000000        12.8288465251894     
   14.7300000000000        12.8581589773887     
   14.7400000000000        12.8875386855797     
   14.7500000000000        12.9169858057681     
   14.7600000000000        12.9465004943178     
   14.7700000000000        12.9760829079522     
   14.7800000000000        13.0057332037549     
   14.7900000000000        13.0354515391704     
   14.8000000000000        13.0652380720051     
   14.8100000000000        13.0950929604281     
   14.8200000000000        13.1250163629722     
   14.8300000000000        13.1550084385344     
   14.8400000000000        13.1850693463771     
   14.8500000000000        13.2151992461285     
   14.8600000000000        13.2453982977842     
   14.8700000000000        13.2756666617072     
   14.8800000000000        13.3060044986293     
   14.8900000000000        13.3364119696519     
   14.9000000000000        13.3668892362467     
   14.9100000000000        13.3974364602566     
   14.9200000000000        13.4280538038966     
   14.9300000000000        13.4587414297547     
   14.9400000000000        13.4894995007928     
   14.9500000000000        13.5203281803474     
   14.9600000000000        13.5512276321307     
   14.9700000000000        13.5821980202311     
   14.9800000000000        13.6132395091147     
   14.9900000000000        13.6443522636254     
   15.0000000000000        13.6755364489865     
   15.0100000000000        13.7067922308011     
   15.0200000000000        13.7381197750533     
   15.0300000000000        13.7695192481087     
   15.0400000000000        13.8009908167159     
   15.0500000000000        13.8325346480065     
   15.0600000000000        13.8641509094970     
   15.0700000000000        13.8958397690890     
   15.0800000000000        13.9276013950701     
   15.0900000000000        13.9594359561154     
   15.1000000000000        13.9913436212878     
   15.1100000000000        14.0233245600390     
   15.1200000000000        14.0553789422106     
   15.1300000000000        14.0875069380349     
   15.1400000000000        14.1197087181360     
   15.1500000000000        14.1519844535302     
   15.1600000000000        14.1843343156275     
   15.1700000000000        14.2167584762321     
   15.1800000000000        14.2492571075437     
   15.1900000000000        14.2818303821580     
   15.2000000000000        14.3144784730678     
   15.2100000000000        14.3472015536641     
   15.2200000000000        14.3799997977368     
   15.2300000000000        14.4128733794756     
   15.2400000000000        14.4458224734712     
   15.2500000000000        14.4788472547159     
   15.2600000000000        14.5119478986048     
   15.2700000000000        14.5451245809367     
   15.2800000000000        14.5783774779147     
   15.2900000000000        14.6117067661476     
   15.3000000000000        14.6451126226507     
   15.3100000000000        14.6785952248465     
   15.3200000000000        14.7121547505661     
   15.3300000000000        14.7457913780498     
   15.3400000000000        14.7795052859479     
   15.3500000000000        14.8132966533223     
   15.3600000000000        14.8471656596467     
   15.3700000000000        14.8811124848082     
   15.3800000000000        14.9151373091078     
   15.3900000000000        14.9492403132617     
   15.4000000000000        14.9834216784018     
   15.4100000000000        15.0176815860773     
   15.4200000000000        15.0520202182551     
   15.4300000000000        15.0864377573211     
   15.4400000000000        15.1209343860812     
   15.4500000000000        15.1555102877620     
   15.4600000000000        15.1901656460120     
   15.4700000000000        15.2249006449024     
   15.4800000000000        15.2597154689284     
   15.4900000000000        15.2946103030099     
   15.5000000000000        15.3295853324926     
   15.5100000000000        15.3646407431488     
   15.5200000000000        15.3997767211788     
   15.5300000000000        15.4349934532114     
   15.5400000000000        15.4702911263055     
   15.5500000000000        15.5056699279503     
   15.5600000000000        15.5411300460670     
   15.5700000000000        15.5766716690097     
   15.5800000000000        15.6122949855659     
   15.5900000000000        15.6480001849581     
   15.6000000000000        15.6837874568445     
   15.6100000000000        15.7196569913200     
   15.6200000000000        15.7556089789176     
   15.6300000000000        15.7916436106087     
   15.6400000000000        15.8277610778048     
   15.6500000000000        15.8639615723583     
   15.6600000000000        15.9002452865633     
   15.6700000000000        15.9366124131569     
   15.6800000000000        15.9730631453202     
   15.6900000000000        16.0095976766791     
   15.7000000000000        16.0462162013058     
   15.7100000000000        16.0829189137191     
   15.7200000000000        16.1197060088863     
   15.7300000000000        16.1565776822236     
   15.7400000000000        16.1935341295974     
   15.7500000000000        16.2305755473254     
   15.7600000000000        16.2677021321775     
   15.7700000000000        16.3049140813767     
   15.7800000000000        16.3422115926007     
   15.7900000000000        16.3795948639825     
   15.8000000000000        16.4170640941114     
   15.8100000000000        16.4546194820345     
   15.8200000000000        16.4922612272573     
   15.8300000000000        16.5299895297451     
   15.8400000000000        16.5678045899238     
   15.8500000000000        16.6057066086811     
   15.8600000000000        16.6436957873679     
   15.8700000000000        16.6817723277985     
   15.8800000000000        16.7199364322526     
   15.8900000000000        16.7581883034760     
   15.9000000000000        16.7965281446815     
   15.9100000000000        16.8349561595503     
   15.9200000000000        16.8734725522330     
   15.9300000000000        16.9120775273506     
   15.9400000000000        16.9507712899955     
   15.9500000000000        16.9895540457330     
   15.9600000000000        17.0284260006019     
   15.9700000000000        17.0673873611160     
   15.9800000000000        17.1064383342650     
   15.9900000000000        17.1455791275155     
   16.0000000000000        17.1848099488126     
   16.0100000000000        17.2241310065802     
   16.0200000000000        17.2635425097229     
   16.0300000000000        17.3030446676267     
   16.0400000000000        17.3426376901602     
   16.0500000000000        17.3823217876757     
   16.0600000000000        17.4220971710104     
   16.0700000000000        17.4619640514874     
   16.0800000000000        17.5019226409171     
   16.0900000000000        17.5419731515980     
   16.1000000000000        17.5821157963178     
   16.1100000000000        17.6223507883550     
   16.1200000000000        17.6626783414796     
   16.1300000000000        17.7030986699544     
   16.1400000000000        17.7436119885362     
   16.1500000000000        17.7842185124767     
   16.1600000000000        17.8249184575240     
   16.1700000000000        17.8657120399235     
   16.1800000000000        17.9065994764191     
   16.1900000000000        17.9475809842545     
   16.2000000000000        17.9886567811742     
   16.2100000000000        18.0298270854246     
   16.2200000000000        18.0710921157556     
   16.2300000000000        18.1124520914209     
   16.2400000000000        18.1539072321803     
   16.2500000000000        18.1954577582999     
   16.2600000000000        18.2371038905538     
   16.2700000000000        18.2788458502252     
   16.2800000000000        18.3206838591073     
   16.2900000000000        18.3626181395051     
   16.3000000000000        18.4046489142358     
   16.3100000000000        18.4467764066306     
   16.3200000000000        18.4890008405356     
   16.3300000000000        18.5313224403132     
   16.3400000000000        18.5737414308430     
   16.3500000000000        18.6162580375233     
   16.3600000000000        18.6588724862721     
   16.3700000000000        18.7015850035283     
   16.3800000000000        18.7443958162533     
   16.3900000000000        18.7873051519316     
   16.4000000000000        18.8303132385724     
   16.4100000000000        18.8734203047108     
   16.4200000000000        18.9166265794089     
   16.4300000000000        18.9599322922571     
   16.4400000000000        19.0033376733753     
   16.4500000000000        19.0468429534141     
   16.4600000000000        19.0904483635562     
   16.4700000000000        19.1341541355172     
   16.4800000000000        19.1779605015475     
   16.4900000000000        19.2218676944329     
   16.5000000000000        19.2658759474963     
   16.5100000000000        19.3099854945986     
   16.5200000000000        19.3541965701404     
   16.5300000000000        19.3985094090625     
   16.5400000000000        19.4429242468481     
   16.5500000000000        19.4874413195232     
   16.5600000000000        19.5320608636586     
   16.5700000000000        19.5767831163704     
   16.5800000000000        19.6216083153220     
   16.5900000000000        19.6665366987249     
   16.6000000000000        19.7115685053401     
   16.6100000000000        19.7567039744793     
   16.6200000000000        19.8019433460065     
   16.6300000000000        19.8472868603388     
   16.6400000000000        19.8927347584481     
   16.6500000000000        19.9382872818621     
   16.6600000000000        19.9839446726657     
   16.6700000000000        20.0297071735023     
   16.6800000000000        20.0755750275753     
   16.6900000000000        20.1215484786488     
   16.7000000000000        20.1676277710496     
   16.7100000000000        20.2138131496680     
   16.7200000000000        20.2601048599595     
   16.7300000000000        20.3065031479458     
   16.7400000000000        20.3530082602161     
   16.7500000000000        20.3996204439288     
   16.7600000000000        20.4463399468123     
   16.7700000000000        20.4931670171669     
   16.7800000000000        20.5401019038654     
   16.7900000000000        20.5871448563553     
   16.8000000000000        20.6342961246593     
   16.8100000000000        20.6815559593771     
   16.8200000000000        20.7289246116868     
   16.8300000000000        20.7764023333460     
   16.8400000000000        20.8239893766931     
   16.8500000000000        20.8716859946489     
   16.8600000000000        20.9194924407179     
   16.8700000000000        20.9674089689894     
   16.8800000000000        21.0154358341391     
   16.8900000000000        21.0635732914305     
   16.9000000000000        21.1118215967161     
   16.9100000000000        21.1601810064388     
   16.9200000000000        21.2086517776333     
   16.9300000000000        21.2572341679275     
   16.9400000000000        21.3059284355438     
   16.9500000000000        21.3547348393005     
   16.9600000000000        21.4036536386134     
   16.9700000000000        21.4526850934967     
   16.9800000000000        21.5018294645650     
   16.9900000000000        21.5510870130340     
   17.0000000000000        21.6004580007226     
   17.0100000000000        21.6499426900537     
   17.0200000000000        21.6995413440562     
   17.0300000000000        21.7492542263656     
   17.0400000000000        21.7990816012263     
   17.0500000000000        21.8490237334924     
   17.0600000000000        21.8990808886293     
   17.0700000000000        21.9492533327152     
   17.0800000000000        21.9995413324424     
   17.0900000000000        22.0499451551186     
   17.1000000000000        22.1004650686688     
   17.1100000000000        22.1511013416363     
   17.1200000000000        22.2018542431840     
   17.1300000000000        22.2527240430965     
   17.1400000000000        22.3037110117810     
   17.1500000000000        22.3548154202687     
   17.1600000000000        22.4060375402166     
   17.1700000000000        22.4573776439087     
   17.1800000000000        22.5088360042576     
   17.1900000000000        22.5604128948058     
   17.2000000000000        22.6121085897274     
   17.2100000000000        22.6639233638292     
   17.2200000000000        22.7158574925526     
   17.2300000000000        22.7679112519747     
   17.2400000000000        22.8200849188099     
   17.2500000000000        22.8723787704115     
   17.2600000000000        22.9247930847731     
   17.2700000000000        22.9773281405299     
   17.2800000000000        23.0299842169606     
   17.2900000000000        23.0827615939885     
   17.3000000000000        23.1356605521831     
   17.3100000000000        23.1886813727617     
   17.3200000000000        23.2418243375909     
   17.3300000000000        23.2950897291880     
   17.3400000000000        23.3484778307225     
   17.3500000000000        23.4019889260178     
   17.3600000000000        23.4556232995523     
   17.3700000000000        23.5093812364616     
   17.3800000000000        23.5632630225393     
   17.3900000000000        23.6172689442390     
   17.4000000000000        23.6713992886757     
   17.4100000000000        23.7256543436272     
   17.4200000000000        23.7800343975359     
   17.4300000000000        23.8345397395100     
   17.4400000000000        23.8891706593254     
   17.4500000000000        23.9439274474271     
   17.4600000000000        23.9988103949306     
   17.4700000000000        24.0538197936235     
   17.4800000000000        24.1089559359675     
   17.4900000000000        24.1642191150993     
   17.5000000000000        24.2196096248326     
   17.5100000000000        24.2751277596595     
   17.5200000000000        24.3307738147522     
   17.5300000000000        24.3865480859642     
   17.5400000000000        24.4424508698326     
   17.5500000000000        24.4984824635789     
   17.5600000000000        24.5546431651112     
   17.5700000000000        24.6109332730254     
   17.5800000000000        24.6673530866068     
   17.5900000000000        24.7239029058322     
   17.6000000000000        24.7805830313706     
   17.6100000000000        24.8373937645858     
   17.6200000000000        24.8943354075374     
   17.6300000000000        24.9514082629825     
   17.6400000000000        25.0086126343773     
   17.6500000000000        25.0659488258789     
   17.6600000000000        25.1234171423469     
   17.6700000000000        25.1810178893447     
   17.6800000000000        25.2387513731416     
   17.6900000000000        25.2966179007142     
   17.7000000000000        25.3546177797478     
   17.7100000000000        25.4127513186386     
   17.7200000000000        25.4710188264949     
   17.7300000000000        25.5294206131389     
   17.7400000000000        25.5879569891083     
   17.7500000000000        25.6466282656581     
   17.7600000000000        25.7054347547621     
   17.7700000000000        25.7643767691147     
   17.7800000000000        25.8234546221324     
   17.7900000000000        25.8826686279557     
   17.8000000000000        25.9420191014505     
   17.8100000000000        26.0015063582101     
   17.8200000000000        26.0611307145566     
   17.8300000000000        26.1208924875427     
   17.8400000000000        26.1807919949535     
   17.8500000000000        26.2408295553081     
   17.8600000000000        26.3010054878612     
   17.8700000000000        26.3613201126049     
   17.8800000000000        26.4217737502706     
   17.8900000000000        26.4823667223303     
   17.9000000000000        26.5430993509988     
   17.9100000000000        26.6039719592348     
   17.9200000000000        26.6649848707433     
   17.9300000000000        26.7261384099769     
   17.9400000000000        26.7874329021377     
   17.9500000000000        26.8488686731789     
   17.9600000000000        26.9104460498068     
   17.9700000000000        26.9721653594821     
   17.9800000000000        27.0340269304222     
   17.9900000000000        27.0960310916024     
   18.0000000000000        27.1581781727583     
   18.0100000000000        27.2204685043869     
   18.0200000000000        27.2829024177486     
   18.0300000000000        27.3454802448694     
   18.0400000000000        27.4082023185418     
   18.0500000000000        27.4710689723276     
   18.0600000000000        27.5340805405587     
   18.0700000000000        27.5972373583396     
   18.0800000000000        27.6605397615490     
   18.0900000000000        27.7239880868412     
   18.1000000000000        27.7875826716485     
   18.1100000000000        27.8513238541827     
   18.1200000000000        27.9152119734369     
   18.1300000000000        27.9792473691873     
   18.1400000000000        28.0434303819950     
   18.1500000000000        28.1077613532081     
   18.1600000000000        28.1722406249631     
   18.1700000000000        28.2368685401871     
   18.1800000000000        28.3016454425992     
   18.1900000000000        28.3665716767128     
   18.2000000000000        28.4316475878372     
   18.2100000000000        28.4968735220795     
   18.2200000000000        28.5622498263463     
   18.2300000000000        28.6277768483458     
   18.2400000000000        28.6934549365896     
   18.2500000000000        28.7592844403943     
   18.2600000000000        28.8252657098837     
   18.2700000000000        28.8913990959905     
   18.2800000000000        28.9576849504581     
   18.2900000000000        29.0241236258429     
   18.3000000000000        29.0907154755155     
   18.3100000000000        29.1574608536632     
   18.3200000000000        29.2243601152916     
   18.3300000000000        29.2914136162264     
   18.3400000000000        29.3586217131156     
   18.3500000000000        29.4259847634312     
   18.3600000000000        29.4935031254712     
   18.3700000000000        29.5611771583614     
   18.3800000000000        29.6290072220574     
   18.3900000000000        29.6969936773465     
   18.4000000000000        29.7651368858498     
   18.4100000000000        29.8334372100238     
   18.4200000000000        29.9018950131625     
   18.4300000000000        29.9705106593995     
   18.4400000000000        30.0392845137095     
   18.4500000000000        30.1082169419110     
   18.4600000000000        30.1773083106672     
   18.4700000000000        30.2465589874891     
   18.4800000000000        30.3159693407367     
   18.4900000000000        30.3855397396210     
   18.5000000000000        30.4552705542065     
   18.5100000000000        30.5251621554126     
   18.5200000000000        30.5952149150158     
   18.5300000000000        30.6654292056518     
   18.5400000000000        30.7358054008174     
   18.5500000000000        30.8063438748725     
   18.5600000000000        30.8770450030419     
   18.5700000000000        30.9479091614177     
   18.5800000000000        31.0189367269609     
   18.5900000000000        31.0901280775037     
   18.6000000000000        31.1614835917516     
   18.6100000000000        31.2330036492849     
   18.6200000000000        31.3046886305614     
   18.6300000000000        31.3765389169179     
   18.6400000000000        31.4485548905725     
   18.6500000000000        31.5207369346266     
   18.6600000000000        31.5930854330670     
   18.6700000000000        31.6656007707677     
   18.6800000000000        31.7382833334924     
   18.6900000000000        31.8111335078960     
   18.7000000000000        31.8841516815272     
   18.7100000000000        31.9573382428303     
   18.7200000000000        32.0306935811471     
   18.7300000000000        32.1042180867195     
   18.7400000000000        32.1779121506911     
   18.7500000000000        32.2517761651094     
   18.7600000000000        32.3258105229281     
   18.7700000000000        32.4000156180090     
   18.7800000000000        32.4743918451241     
   18.7900000000000        32.5489395999579     
   18.8000000000000        32.6236592791092     
   18.8100000000000        32.6985512800936     
   18.8200000000000        32.7736160013452     
   18.8300000000000        32.8488538422191     
   18.8400000000000        32.9242652029934     
   18.8500000000000        32.9998504848713     
   18.8600000000000        33.0756100899831     
   18.8700000000000        33.1515444213887     
   18.8800000000000        33.2276538830796     
   18.8900000000000        33.3039388799809     
   18.9000000000000        33.3803998179535     
   18.9100000000000        33.4570371037966     
   18.9200000000000        33.5338511452494     
   18.9300000000000        33.6108423509937     
   18.9400000000000        33.6880111306557     
   18.9500000000000        33.7653578948084     
   18.9600000000000        33.8428830549740     
   18.9700000000000        33.9205870236256     
   18.9800000000000        33.9984702141897     
   18.9900000000000        34.0765330410485     
   19.0000000000000        34.1547759195419     
   19.0100000000000        34.2331992659698     
   19.0200000000000        34.3118034975944     
   19.0300000000000        34.3905890326424     
   19.0400000000000        34.4695562903069     
   19.0500000000000        34.5487056907504     
   19.0600000000000        34.6280376551062     
   19.0700000000000        34.7075526054811     
   19.0800000000000        34.7872509649577     
   19.0900000000000        34.8671331575966     
   19.1000000000000        34.9471996084383     
   19.1100000000000        35.0274507435060     
   19.1200000000000        35.1078869898077     
   19.1300000000000        35.1885087753382     
   19.1400000000000        35.2693165290819     
   19.1500000000000        35.3503106810147     
   19.1600000000000        35.4314916621063     
   19.1700000000000        35.5128599043227     
   19.1800000000000        35.5944158406284     
   19.1900000000000        35.6761599049888     
   19.2000000000000        35.7580925323723     
   19.2100000000000        35.8402141587529     
   19.2200000000000        35.9225252211125     
   19.2300000000000        36.0050261574427     
   19.2400000000000        36.0877174067481     
   19.2500000000000        36.1705994090478     
   19.2600000000000        36.2536726053782     
   19.2700000000000        36.3369374377951     
   19.2800000000000        36.4203943493763     
   19.2900000000000        36.5040437842238     
   19.3000000000000        36.5878861874662     
   19.3100000000000        36.6719220052612     
   19.3200000000000        36.7561516847978     
   19.3300000000000        36.8405756742988     
   19.3400000000000        36.9251944230232     
   19.3500000000000        37.0100083812685     
   19.3600000000000        37.0950180003733     
   19.3700000000000        37.1802237327193     
   19.3800000000000        37.2656260317343     
   19.3900000000000        37.3512253518943     
   19.4000000000000        37.4370221487258     
   19.4100000000000        37.5230168788084     
   19.4200000000000        37.6092099997773     
   19.4300000000000        37.6956019703257     
   19.4400000000000        37.7821932502071     
   19.4500000000000        37.8689843002379     
   19.4600000000000        37.9559755823000     
   19.4700000000000        38.0431675593428     
   19.4800000000000        38.1305606953862     
   19.4900000000000        38.2181554555229     
   19.5000000000000        38.3059523059207     
   19.5100000000000        38.3939517138250     
   19.5200000000000        38.4821541475618     
   19.5300000000000        38.5705600765395     
   19.5400000000000        38.6591699712518     
   19.5500000000000        38.7479843032804     
   19.5600000000000        38.8370035452968     
   19.5700000000000        38.9262281710657     
   19.5800000000000        39.0156586554469     
   19.5900000000000        39.1052954743981     
   19.6000000000000        39.1951391049776     
   19.6100000000000        39.2851900253463     
   19.6200000000000        39.3754487147708     
   19.6300000000000        39.4659156536259     
   19.6400000000000        39.5565913233967     
   19.6500000000000        39.6474762066817     
   19.6600000000000        39.7385707871953     
   19.6700000000000        39.8298755497699     
   19.6800000000000        39.9213909803592     
   19.6900000000000        40.0131175660403     
   19.7000000000000        40.1050557950164     
   19.7100000000000        40.1972061566196     
   19.7200000000000        40.2895691413134     
   19.7300000000000        40.3821452406950     
   19.7400000000000        40.4749349474985     
   19.7500000000000        40.5679387555971     
   19.7600000000000        40.6611571600062     
   19.7700000000000        40.7545906568852     
   19.7800000000000        40.8482397435411     
   19.7900000000000        40.9421049184306     
   19.8000000000000        41.0361866811630     
   19.8100000000000        41.1304855325025     
   19.8200000000000        41.2250019743716     
   19.8300000000000        41.3197365098528     
   19.8400000000000        41.4146896431923     
   19.8500000000000        41.5098618798019     
   19.8600000000000        41.6052537262620     
   19.8700000000000        41.7008656903247     
   19.8800000000000        41.7966982809156     
   19.8900000000000        41.8927520081373     
   19.9000000000000        41.9890273832721     
   19.9100000000000        42.0855249187841     
   19.9200000000000        42.1822451283226     
   19.9300000000000        42.2791885267244     
   19.9400000000000        42.3763556300169     
   19.9500000000000        42.4737469554206     
   19.9600000000000        42.5713630213521     
   19.9700000000000        42.6692043474265     
   19.9800000000000        42.7672714544606     
   19.9900000000000        42.8655648644753     
   20.0000000000000        42.9640851006988     
